(kicad_pcb (version 20171130) (host pcbnew "(5.1.8)-1")

  (general
    (thickness 1.6)
    (drawings 11)
    (tracks 2)
    (zones 0)
    (modules 24)
    (nets 24)
  )

  (page A4)
  (layers
    (0 F.Cu signal)
    (31 B.Cu signal)
    (32 B.Adhes user)
    (33 F.Adhes user)
    (34 B.Paste user)
    (35 F.Paste user)
    (36 B.SilkS user)
    (37 F.SilkS user)
    (38 B.Mask user)
    (39 F.Mask user)
    (40 Dwgs.User user)
    (41 Cmts.User user)
    (42 Eco1.User user)
    (43 Eco2.User user)
    (44 Edge.Cuts user)
    (45 Margin user)
    (46 B.CrtYd user)
    (47 F.CrtYd user)
    (48 B.Fab user)
    (49 F.Fab user)
  )

  (setup
    (last_trace_width 0.25)
    (trace_clearance 0.2)
    (zone_clearance 0.508)
    (zone_45_only no)
    (trace_min 0.2)
    (via_size 0.8)
    (via_drill 0.4)
    (via_min_size 0.4)
    (via_min_drill 0.3)
    (uvia_size 0.3)
    (uvia_drill 0.1)
    (uvias_allowed no)
    (uvia_min_size 0.2)
    (uvia_min_drill 0.1)
    (edge_width 0.05)
    (segment_width 0.2)
    (pcb_text_width 0.3)
    (pcb_text_size 1.5 1.5)
    (mod_edge_width 0.12)
    (mod_text_size 1 1)
    (mod_text_width 0.15)
    (pad_size 1.524 1.524)
    (pad_drill 0.762)
    (pad_to_mask_clearance 0)
    (aux_axis_origin 0 0)
    (visible_elements FFFFFF7F)
    (pcbplotparams
      (layerselection 0x010fc_ffffffff)
      (usegerberextensions false)
      (usegerberattributes true)
      (usegerberadvancedattributes true)
      (creategerberjobfile true)
      (excludeedgelayer true)
      (linewidth 0.100000)
      (plotframeref false)
      (viasonmask false)
      (mode 1)
      (useauxorigin false)
      (hpglpennumber 1)
      (hpglpenspeed 20)
      (hpglpendiameter 15.000000)
      (psnegative false)
      (psa4output false)
      (plotreference true)
      (plotvalue true)
      (plotinvisibletext false)
      (padsonsilk false)
      (subtractmaskfromsilk false)
      (outputformat 1)
      (mirror false)
      (drillshape 1)
      (scaleselection 1)
      (outputdirectory ""))
  )

  (net 0 "")
  (net 1 +3V3)
  (net 2 GND)
  (net 3 +BATT)
  (net 4 "Net-(D1-Pad1)")
  (net 5 +12V)
  (net 6 "Net-(D2-Pad1)")
  (net 7 "Net-(D3-Pad1)")
  (net 8 +5V)
  (net 9 "Net-(D4-Pad1)")
  (net 10 "Net-(D5-Pad1)")
  (net 11 /TIR)
  (net 12 /BAU)
  (net 13 "Net-(D6-Pad1)")
  (net 14 /LGRE)
  (net 15 "Net-(D7-Pad3)")
  (net 16 "Net-(D7-Pad1)")
  (net 17 /LRED)
  (net 18 /~RST)
  (net 19 "Net-(Q1-Pad1)")
  (net 20 "Net-(Q1-Pad2)")
  (net 21 "Net-(R4-Pad1)")
  (net 22 "Net-(S1-Pad4)")
  (net 23 "Net-(S1-Pad3)")

  (net_class Default "This is the default net class."
    (clearance 0.2)
    (trace_width 0.25)
    (via_dia 0.8)
    (via_drill 0.4)
    (uvia_dia 0.3)
    (uvia_drill 0.1)
    (add_net +12V)
    (add_net +3V3)
    (add_net +5V)
    (add_net +BATT)
    (add_net /BAU)
    (add_net /LGRE)
    (add_net /LRED)
    (add_net /TIR)
    (add_net /~RST)
    (add_net GND)
    (add_net "Net-(D1-Pad1)")
    (add_net "Net-(D2-Pad1)")
    (add_net "Net-(D3-Pad1)")
    (add_net "Net-(D4-Pad1)")
    (add_net "Net-(D5-Pad1)")
    (add_net "Net-(D6-Pad1)")
    (add_net "Net-(D7-Pad1)")
    (add_net "Net-(D7-Pad3)")
    (add_net "Net-(Q1-Pad1)")
    (add_net "Net-(Q1-Pad2)")
    (add_net "Net-(R4-Pad1)")
    (add_net "Net-(S1-Pad3)")
    (add_net "Net-(S1-Pad4)")
  )

  (module ConnectorsEvo:B03B-PASK (layer B.Cu) (tedit 5F2E163B) (tstamp 5FE9EA70)
    (at 145.284818 92.571605)
    (path /5FEF9AEA)
    (fp_text reference J2 (at 0.365 3.175) (layer B.SilkS)
      (effects (font (size 1 1) (thickness 0.15)) (justify mirror))
    )
    (fp_text value Conn_01x03_Male (at 0 -4.445) (layer B.Fab)
      (effects (font (size 1 1) (thickness 0.15)) (justify mirror))
    )
    (fp_line (start -4 2.15) (end 4 2.15) (layer B.SilkS) (width 0.12))
    (fp_line (start -4 -3.15) (end -4 2.15) (layer B.SilkS) (width 0.12))
    (fp_line (start 4 -3.15) (end -4 -3.15) (layer B.SilkS) (width 0.12))
    (fp_line (start 4 2.15) (end 4 -3.15) (layer B.SilkS) (width 0.12))
    (fp_line (start -4 -3.15) (end -4 2.15) (layer B.Fab) (width 0.127))
    (fp_line (start 4 2.15) (end 4 -3.15) (layer B.Fab) (width 0.127))
    (fp_line (start -4 -3.15) (end 4 -3.15) (layer B.Fab) (width 0.127))
    (fp_line (start 4 2.15) (end -4 2.15) (layer B.Fab) (width 0.127))
    (fp_text user 1 (at 2.968 0.5) (layer B.SilkS)
      (effects (font (size 1 1) (thickness 0.015)) (justify mirror))
    )
    (pad None np_thru_hole circle (at 3.5 1.7) (size 1.1 1.1) (drill 1.1) (layers *.Cu *.Mask))
    (pad 3 thru_hole circle (at -2 0) (size 1.208 1.208) (drill 0.7) (layers *.Cu *.Mask)
      (net 2 GND))
    (pad 2 thru_hole circle (at 0 0) (size 1.208 1.208) (drill 0.7) (layers *.Cu *.Mask)
      (net 11 /TIR))
    (pad 1 thru_hole circle (at 2 0) (size 1.208 1.208) (drill 0.7) (layers *.Cu *.Mask)
      (net 1 +3V3))
    (model ${LIBELEC}/3D/B03B-PASK-1.stp
      (offset (xyz 0 0 4))
      (scale (xyz 1 1 1))
      (rotate (xyz -90 0 0))
    )
  )

  (module Capacitor_SMD:C_0603_1608Metric (layer B.Cu) (tedit 5F68FEEE) (tstamp 5FE9E9C3)
    (at 133.35 100.33)
    (descr "Capacitor SMD 0603 (1608 Metric), square (rectangular) end terminal, IPC_7351 nominal, (Body size source: IPC-SM-782 page 76, https://www.pcb-3d.com/wordpress/wp-content/uploads/ipc-sm-782a_amendment_1_and_2.pdf), generated with kicad-footprint-generator")
    (tags capacitor)
    (path /5FF01A6E)
    (attr smd)
    (fp_text reference C1 (at 0 1.43) (layer B.SilkS)
      (effects (font (size 1 1) (thickness 0.15)) (justify mirror))
    )
    (fp_text value 100nF (at 0 -1.43) (layer B.Fab)
      (effects (font (size 1 1) (thickness 0.15)) (justify mirror))
    )
    (fp_line (start 1.48 -0.73) (end -1.48 -0.73) (layer B.CrtYd) (width 0.05))
    (fp_line (start 1.48 0.73) (end 1.48 -0.73) (layer B.CrtYd) (width 0.05))
    (fp_line (start -1.48 0.73) (end 1.48 0.73) (layer B.CrtYd) (width 0.05))
    (fp_line (start -1.48 -0.73) (end -1.48 0.73) (layer B.CrtYd) (width 0.05))
    (fp_line (start -0.14058 -0.51) (end 0.14058 -0.51) (layer B.SilkS) (width 0.12))
    (fp_line (start -0.14058 0.51) (end 0.14058 0.51) (layer B.SilkS) (width 0.12))
    (fp_line (start 0.8 -0.4) (end -0.8 -0.4) (layer B.Fab) (width 0.1))
    (fp_line (start 0.8 0.4) (end 0.8 -0.4) (layer B.Fab) (width 0.1))
    (fp_line (start -0.8 0.4) (end 0.8 0.4) (layer B.Fab) (width 0.1))
    (fp_line (start -0.8 -0.4) (end -0.8 0.4) (layer B.Fab) (width 0.1))
    (fp_text user %R (at 0 0) (layer B.Fab)
      (effects (font (size 0.4 0.4) (thickness 0.06)) (justify mirror))
    )
    (pad 1 smd roundrect (at -0.775 0) (size 0.9 0.95) (layers B.Cu B.Paste B.Mask) (roundrect_rratio 0.25)
      (net 1 +3V3))
    (pad 2 smd roundrect (at 0.775 0) (size 0.9 0.95) (layers B.Cu B.Paste B.Mask) (roundrect_rratio 0.25)
      (net 2 GND))
    (model ${KISYS3DMOD}/Capacitor_SMD.3dshapes/C_0603_1608Metric.wrl
      (at (xyz 0 0 0))
      (scale (xyz 1 1 1))
      (rotate (xyz 0 0 0))
    )
  )

  (module LED_SMD:LED_0805_2012Metric (layer F.Cu) (tedit 5F68FEF1) (tstamp 5FE9E9D6)
    (at 125.73 81.28)
    (descr "LED SMD 0805 (2012 Metric), square (rectangular) end terminal, IPC_7351 nominal, (Body size source: https://docs.google.com/spreadsheets/d/1BsfQQcO9C6DZCsRaXUlFlo91Tg2WpOkGARC1WS5S8t0/edit?usp=sharing), generated with kicad-footprint-generator")
    (tags LED)
    (path /5FE530E9)
    (attr smd)
    (fp_text reference D1 (at 0 -1.65) (layer F.SilkS)
      (effects (font (size 1 1) (thickness 0.15)))
    )
    (fp_text value RED (at 0 1.65) (layer F.Fab)
      (effects (font (size 1 1) (thickness 0.15)))
    )
    (fp_text user %R (at 0 0) (layer F.Fab)
      (effects (font (size 0.5 0.5) (thickness 0.08)))
    )
    (fp_line (start 1 -0.6) (end -0.7 -0.6) (layer F.Fab) (width 0.1))
    (fp_line (start -0.7 -0.6) (end -1 -0.3) (layer F.Fab) (width 0.1))
    (fp_line (start -1 -0.3) (end -1 0.6) (layer F.Fab) (width 0.1))
    (fp_line (start -1 0.6) (end 1 0.6) (layer F.Fab) (width 0.1))
    (fp_line (start 1 0.6) (end 1 -0.6) (layer F.Fab) (width 0.1))
    (fp_line (start 1 -0.96) (end -1.685 -0.96) (layer F.SilkS) (width 0.12))
    (fp_line (start -1.685 -0.96) (end -1.685 0.96) (layer F.SilkS) (width 0.12))
    (fp_line (start -1.685 0.96) (end 1 0.96) (layer F.SilkS) (width 0.12))
    (fp_line (start -1.68 0.95) (end -1.68 -0.95) (layer F.CrtYd) (width 0.05))
    (fp_line (start -1.68 -0.95) (end 1.68 -0.95) (layer F.CrtYd) (width 0.05))
    (fp_line (start 1.68 -0.95) (end 1.68 0.95) (layer F.CrtYd) (width 0.05))
    (fp_line (start 1.68 0.95) (end -1.68 0.95) (layer F.CrtYd) (width 0.05))
    (pad 2 smd roundrect (at 0.9375 0) (size 0.975 1.4) (layers F.Cu F.Paste F.Mask) (roundrect_rratio 0.25)
      (net 3 +BATT))
    (pad 1 smd roundrect (at -0.9375 0) (size 0.975 1.4) (layers F.Cu F.Paste F.Mask) (roundrect_rratio 0.25)
      (net 4 "Net-(D1-Pad1)"))
    (model ${KISYS3DMOD}/LED_SMD.3dshapes/LED_0805_2012Metric.wrl
      (at (xyz 0 0 0))
      (scale (xyz 1 1 1))
      (rotate (xyz 0 0 0))
    )
  )

  (module LED_SMD:LED_0805_2012Metric (layer F.Cu) (tedit 5F68FEF1) (tstamp 5FE9E9E9)
    (at 125.73 83.82 180)
    (descr "LED SMD 0805 (2012 Metric), square (rectangular) end terminal, IPC_7351 nominal, (Body size source: https://docs.google.com/spreadsheets/d/1BsfQQcO9C6DZCsRaXUlFlo91Tg2WpOkGARC1WS5S8t0/edit?usp=sharing), generated with kicad-footprint-generator")
    (tags LED)
    (path /5FE5A961)
    (attr smd)
    (fp_text reference D2 (at 0 -1.65) (layer F.SilkS)
      (effects (font (size 1 1) (thickness 0.15)))
    )
    (fp_text value RED (at 0 1.65) (layer F.Fab)
      (effects (font (size 1 1) (thickness 0.15)))
    )
    (fp_text user %R (at 0 0) (layer F.Fab)
      (effects (font (size 0.5 0.5) (thickness 0.08)))
    )
    (fp_line (start 1 -0.6) (end -0.7 -0.6) (layer F.Fab) (width 0.1))
    (fp_line (start -0.7 -0.6) (end -1 -0.3) (layer F.Fab) (width 0.1))
    (fp_line (start -1 -0.3) (end -1 0.6) (layer F.Fab) (width 0.1))
    (fp_line (start -1 0.6) (end 1 0.6) (layer F.Fab) (width 0.1))
    (fp_line (start 1 0.6) (end 1 -0.6) (layer F.Fab) (width 0.1))
    (fp_line (start 1 -0.96) (end -1.685 -0.96) (layer F.SilkS) (width 0.12))
    (fp_line (start -1.685 -0.96) (end -1.685 0.96) (layer F.SilkS) (width 0.12))
    (fp_line (start -1.685 0.96) (end 1 0.96) (layer F.SilkS) (width 0.12))
    (fp_line (start -1.68 0.95) (end -1.68 -0.95) (layer F.CrtYd) (width 0.05))
    (fp_line (start -1.68 -0.95) (end 1.68 -0.95) (layer F.CrtYd) (width 0.05))
    (fp_line (start 1.68 -0.95) (end 1.68 0.95) (layer F.CrtYd) (width 0.05))
    (fp_line (start 1.68 0.95) (end -1.68 0.95) (layer F.CrtYd) (width 0.05))
    (pad 2 smd roundrect (at 0.9375 0 180) (size 0.975 1.4) (layers F.Cu F.Paste F.Mask) (roundrect_rratio 0.25)
      (net 5 +12V))
    (pad 1 smd roundrect (at -0.9375 0 180) (size 0.975 1.4) (layers F.Cu F.Paste F.Mask) (roundrect_rratio 0.25)
      (net 6 "Net-(D2-Pad1)"))
    (model ${KISYS3DMOD}/LED_SMD.3dshapes/LED_0805_2012Metric.wrl
      (at (xyz 0 0 0))
      (scale (xyz 1 1 1))
      (rotate (xyz 0 0 0))
    )
  )

  (module LED_SMD:LED_0805_2012Metric (layer F.Cu) (tedit 5F68FEF1) (tstamp 5FE9E9FC)
    (at 125.73 86.36)
    (descr "LED SMD 0805 (2012 Metric), square (rectangular) end terminal, IPC_7351 nominal, (Body size source: https://docs.google.com/spreadsheets/d/1BsfQQcO9C6DZCsRaXUlFlo91Tg2WpOkGARC1WS5S8t0/edit?usp=sharing), generated with kicad-footprint-generator")
    (tags LED)
    (path /5FE5ACE3)
    (attr smd)
    (fp_text reference D3 (at 0 -1.65) (layer F.SilkS)
      (effects (font (size 1 1) (thickness 0.15)))
    )
    (fp_text value RED (at 0 1.65) (layer F.Fab)
      (effects (font (size 1 1) (thickness 0.15)))
    )
    (fp_line (start 1.68 0.95) (end -1.68 0.95) (layer F.CrtYd) (width 0.05))
    (fp_line (start 1.68 -0.95) (end 1.68 0.95) (layer F.CrtYd) (width 0.05))
    (fp_line (start -1.68 -0.95) (end 1.68 -0.95) (layer F.CrtYd) (width 0.05))
    (fp_line (start -1.68 0.95) (end -1.68 -0.95) (layer F.CrtYd) (width 0.05))
    (fp_line (start -1.685 0.96) (end 1 0.96) (layer F.SilkS) (width 0.12))
    (fp_line (start -1.685 -0.96) (end -1.685 0.96) (layer F.SilkS) (width 0.12))
    (fp_line (start 1 -0.96) (end -1.685 -0.96) (layer F.SilkS) (width 0.12))
    (fp_line (start 1 0.6) (end 1 -0.6) (layer F.Fab) (width 0.1))
    (fp_line (start -1 0.6) (end 1 0.6) (layer F.Fab) (width 0.1))
    (fp_line (start -1 -0.3) (end -1 0.6) (layer F.Fab) (width 0.1))
    (fp_line (start -0.7 -0.6) (end -1 -0.3) (layer F.Fab) (width 0.1))
    (fp_line (start 1 -0.6) (end -0.7 -0.6) (layer F.Fab) (width 0.1))
    (fp_text user %R (at 0 0) (layer F.Fab)
      (effects (font (size 0.5 0.5) (thickness 0.08)))
    )
    (pad 1 smd roundrect (at -0.9375 0) (size 0.975 1.4) (layers F.Cu F.Paste F.Mask) (roundrect_rratio 0.25)
      (net 7 "Net-(D3-Pad1)"))
    (pad 2 smd roundrect (at 0.9375 0) (size 0.975 1.4) (layers F.Cu F.Paste F.Mask) (roundrect_rratio 0.25)
      (net 8 +5V))
    (model ${KISYS3DMOD}/LED_SMD.3dshapes/LED_0805_2012Metric.wrl
      (at (xyz 0 0 0))
      (scale (xyz 1 1 1))
      (rotate (xyz 0 0 0))
    )
  )

  (module LED_SMD:LED_0805_2012Metric (layer F.Cu) (tedit 5F68FEF1) (tstamp 5FE9EA0F)
    (at 125.73 88.9)
    (descr "LED SMD 0805 (2012 Metric), square (rectangular) end terminal, IPC_7351 nominal, (Body size source: https://docs.google.com/spreadsheets/d/1BsfQQcO9C6DZCsRaXUlFlo91Tg2WpOkGARC1WS5S8t0/edit?usp=sharing), generated with kicad-footprint-generator")
    (tags LED)
    (path /5FE5C19A)
    (attr smd)
    (fp_text reference D4 (at 0 -1.65) (layer F.SilkS)
      (effects (font (size 1 1) (thickness 0.15)))
    )
    (fp_text value RED (at 0 1.65) (layer F.Fab)
      (effects (font (size 1 1) (thickness 0.15)))
    )
    (fp_line (start 1.68 0.95) (end -1.68 0.95) (layer F.CrtYd) (width 0.05))
    (fp_line (start 1.68 -0.95) (end 1.68 0.95) (layer F.CrtYd) (width 0.05))
    (fp_line (start -1.68 -0.95) (end 1.68 -0.95) (layer F.CrtYd) (width 0.05))
    (fp_line (start -1.68 0.95) (end -1.68 -0.95) (layer F.CrtYd) (width 0.05))
    (fp_line (start -1.685 0.96) (end 1 0.96) (layer F.SilkS) (width 0.12))
    (fp_line (start -1.685 -0.96) (end -1.685 0.96) (layer F.SilkS) (width 0.12))
    (fp_line (start 1 -0.96) (end -1.685 -0.96) (layer F.SilkS) (width 0.12))
    (fp_line (start 1 0.6) (end 1 -0.6) (layer F.Fab) (width 0.1))
    (fp_line (start -1 0.6) (end 1 0.6) (layer F.Fab) (width 0.1))
    (fp_line (start -1 -0.3) (end -1 0.6) (layer F.Fab) (width 0.1))
    (fp_line (start -0.7 -0.6) (end -1 -0.3) (layer F.Fab) (width 0.1))
    (fp_line (start 1 -0.6) (end -0.7 -0.6) (layer F.Fab) (width 0.1))
    (fp_text user %R (at 0 0) (layer F.Fab)
      (effects (font (size 0.5 0.5) (thickness 0.08)))
    )
    (pad 1 smd roundrect (at -0.9375 0) (size 0.975 1.4) (layers F.Cu F.Paste F.Mask) (roundrect_rratio 0.25)
      (net 9 "Net-(D4-Pad1)"))
    (pad 2 smd roundrect (at 0.9375 0) (size 0.975 1.4) (layers F.Cu F.Paste F.Mask) (roundrect_rratio 0.25)
      (net 1 +3V3))
    (model ${KISYS3DMOD}/LED_SMD.3dshapes/LED_0805_2012Metric.wrl
      (at (xyz 0 0 0))
      (scale (xyz 1 1 1))
      (rotate (xyz 0 0 0))
    )
  )

  (module LED_SMD:LED_0805_2012Metric (layer F.Cu) (tedit 5F68FEF1) (tstamp 5FE9EA22)
    (at 146.05 85.09)
    (descr "LED SMD 0805 (2012 Metric), square (rectangular) end terminal, IPC_7351 nominal, (Body size source: https://docs.google.com/spreadsheets/d/1BsfQQcO9C6DZCsRaXUlFlo91Tg2WpOkGARC1WS5S8t0/edit?usp=sharing), generated with kicad-footprint-generator")
    (tags LED)
    (path /5FE60A00)
    (attr smd)
    (fp_text reference D5 (at 0 -1.65) (layer F.SilkS)
      (effects (font (size 1 1) (thickness 0.15)))
    )
    (fp_text value GREEN (at 0 1.65) (layer F.Fab)
      (effects (font (size 1 1) (thickness 0.15)))
    )
    (fp_line (start 1.68 0.95) (end -1.68 0.95) (layer F.CrtYd) (width 0.05))
    (fp_line (start 1.68 -0.95) (end 1.68 0.95) (layer F.CrtYd) (width 0.05))
    (fp_line (start -1.68 -0.95) (end 1.68 -0.95) (layer F.CrtYd) (width 0.05))
    (fp_line (start -1.68 0.95) (end -1.68 -0.95) (layer F.CrtYd) (width 0.05))
    (fp_line (start -1.685 0.96) (end 1 0.96) (layer F.SilkS) (width 0.12))
    (fp_line (start -1.685 -0.96) (end -1.685 0.96) (layer F.SilkS) (width 0.12))
    (fp_line (start 1 -0.96) (end -1.685 -0.96) (layer F.SilkS) (width 0.12))
    (fp_line (start 1 0.6) (end 1 -0.6) (layer F.Fab) (width 0.1))
    (fp_line (start -1 0.6) (end 1 0.6) (layer F.Fab) (width 0.1))
    (fp_line (start -1 -0.3) (end -1 0.6) (layer F.Fab) (width 0.1))
    (fp_line (start -0.7 -0.6) (end -1 -0.3) (layer F.Fab) (width 0.1))
    (fp_line (start 1 -0.6) (end -0.7 -0.6) (layer F.Fab) (width 0.1))
    (fp_text user %R (at 0 0) (layer F.Fab)
      (effects (font (size 0.5 0.5) (thickness 0.08)))
    )
    (pad 1 smd roundrect (at -0.9375 0) (size 0.975 1.4) (layers F.Cu F.Paste F.Mask) (roundrect_rratio 0.25)
      (net 10 "Net-(D5-Pad1)"))
    (pad 2 smd roundrect (at 0.9375 0) (size 0.975 1.4) (layers F.Cu F.Paste F.Mask) (roundrect_rratio 0.25)
      (net 11 /TIR))
    (model ${KISYS3DMOD}/LED_SMD.3dshapes/LED_0805_2012Metric.wrl
      (at (xyz 0 0 0))
      (scale (xyz 1 1 1))
      (rotate (xyz 0 0 0))
    )
  )

  (module LED_SMD:LED_0805_2012Metric (layer F.Cu) (tedit 5F68FEF1) (tstamp 5FE9EA35)
    (at 146.05 81.28)
    (descr "LED SMD 0805 (2012 Metric), square (rectangular) end terminal, IPC_7351 nominal, (Body size source: https://docs.google.com/spreadsheets/d/1BsfQQcO9C6DZCsRaXUlFlo91Tg2WpOkGARC1WS5S8t0/edit?usp=sharing), generated with kicad-footprint-generator")
    (tags LED)
    (path /5FE63061)
    (attr smd)
    (fp_text reference D6 (at 0 -1.65) (layer F.SilkS)
      (effects (font (size 1 1) (thickness 0.15)))
    )
    (fp_text value GREEN (at 0 1.65) (layer F.Fab)
      (effects (font (size 1 1) (thickness 0.15)))
    )
    (fp_text user %R (at 0 0) (layer F.Fab)
      (effects (font (size 0.5 0.5) (thickness 0.08)))
    )
    (fp_line (start 1 -0.6) (end -0.7 -0.6) (layer F.Fab) (width 0.1))
    (fp_line (start -0.7 -0.6) (end -1 -0.3) (layer F.Fab) (width 0.1))
    (fp_line (start -1 -0.3) (end -1 0.6) (layer F.Fab) (width 0.1))
    (fp_line (start -1 0.6) (end 1 0.6) (layer F.Fab) (width 0.1))
    (fp_line (start 1 0.6) (end 1 -0.6) (layer F.Fab) (width 0.1))
    (fp_line (start 1 -0.96) (end -1.685 -0.96) (layer F.SilkS) (width 0.12))
    (fp_line (start -1.685 -0.96) (end -1.685 0.96) (layer F.SilkS) (width 0.12))
    (fp_line (start -1.685 0.96) (end 1 0.96) (layer F.SilkS) (width 0.12))
    (fp_line (start -1.68 0.95) (end -1.68 -0.95) (layer F.CrtYd) (width 0.05))
    (fp_line (start -1.68 -0.95) (end 1.68 -0.95) (layer F.CrtYd) (width 0.05))
    (fp_line (start 1.68 -0.95) (end 1.68 0.95) (layer F.CrtYd) (width 0.05))
    (fp_line (start 1.68 0.95) (end -1.68 0.95) (layer F.CrtYd) (width 0.05))
    (pad 2 smd roundrect (at 0.9375 0) (size 0.975 1.4) (layers F.Cu F.Paste F.Mask) (roundrect_rratio 0.25)
      (net 12 /BAU))
    (pad 1 smd roundrect (at -0.9375 0) (size 0.975 1.4) (layers F.Cu F.Paste F.Mask) (roundrect_rratio 0.25)
      (net 13 "Net-(D6-Pad1)"))
    (model ${KISYS3DMOD}/LED_SMD.3dshapes/LED_0805_2012Metric.wrl
      (at (xyz 0 0 0))
      (scale (xyz 1 1 1))
      (rotate (xyz 0 0 0))
    )
  )

  (module ComponentsEvo:PLCC-4 (layer F.Cu) (tedit 5FE62D67) (tstamp 5FE9EA45)
    (at 146.05 88.9)
    (path /5FF04866)
    (fp_text reference D7 (at 0 -2.54) (layer F.SilkS)
      (effects (font (size 1.5 1.5) (thickness 0.15)))
    )
    (fp_text value LED_Dual_CACA (at 0 2.54) (layer F.Fab)
      (effects (font (size 1.5 1.5) (thickness 0.15)))
    )
    (fp_line (start -1.7 -1.5) (end -1.7 1.5) (layer F.Fab) (width 0.127))
    (fp_line (start -1.7 1.5) (end 1.7 1.5) (layer F.Fab) (width 0.127))
    (fp_line (start 1.7 1.5) (end 1.7 0) (layer F.Fab) (width 0.127))
    (fp_line (start 1.7 0) (end 1.7 -1.5) (layer F.Fab) (width 0.127))
    (fp_line (start 1.7 -1.5) (end -1.7 -1.5) (layer F.Fab) (width 0.127))
    (fp_line (start 0.635 1.55) (end 0.5 1.55) (layer F.SilkS) (width 0.127))
    (fp_line (start 0.5 1.55) (end 0.5 0) (layer F.SilkS) (width 0.127))
    (fp_line (start 0.5 0) (end 2.5 0) (layer F.SilkS) (width 0.127))
    (pad 4 smd rect (at 1.5 -0.75) (size 1.5 1.1) (layers F.Cu F.Paste F.Mask)
      (net 14 /LGRE))
    (pad 3 smd rect (at -1.5 -0.75) (size 1.5 1.1) (layers F.Cu F.Paste F.Mask)
      (net 15 "Net-(D7-Pad3)"))
    (pad 1 smd rect (at 1.5 0.75) (size 1.5 1.1) (layers F.Cu F.Paste F.Mask)
      (net 16 "Net-(D7-Pad1)"))
    (pad 2 smd rect (at -1.5 0.75) (size 1.5 1.1) (layers F.Cu F.Paste F.Mask)
      (net 17 /LRED))
    (model ${LIBELEC}/3D/PLCC-4-Led.STEP
      (at (xyz 0 0 0))
      (scale (xyz 1 1 1))
      (rotate (xyz 0 0 180))
    )
  )

  (module ConnectorsEvo:690367281076 (layer B.Cu) (tedit 5FAF1A59) (tstamp 5FE9EA5F)
    (at 124.46 86.36 270)
    (descr "<b>WR-MM</b><br> Female SMT Connector with Polarization, 10 pins")
    (path /5FE4C482)
    (fp_text reference J1 (at -10.915 1.108 270) (layer B.SilkS)
      (effects (font (size 0.8 0.8) (thickness 0.015)) (justify mirror))
    )
    (fp_text value MotherBoard (at -14.371 -1.092 270) (layer B.Fab)
      (effects (font (size 0.8 0.8) (thickness 0.015)) (justify mirror))
    )
    (fp_line (start 7.35 -2.5) (end 7.35 2.5) (layer B.Fab) (width 0.1))
    (fp_line (start -7.35 2.5) (end -7.35 -2.5) (layer B.Fab) (width 0.1))
    (fp_line (start -7.35 -2.5) (end 7.35 -2.5) (layer B.Fab) (width 0.1))
    (fp_line (start -7.35 2.5) (end 7.35 2.5) (layer B.Fab) (width 0.1))
    (fp_line (start -6.74 2.6) (end -7.45 2.6) (layer B.SilkS) (width 0.2))
    (fp_line (start -7.45 2.6) (end -7.45 -2.6) (layer B.SilkS) (width 0.2))
    (fp_line (start -7.45 -2.6) (end -5.54 -2.6) (layer B.SilkS) (width 0.2))
    (fp_line (start 5.54 2.6) (end 7.45 2.6) (layer B.SilkS) (width 0.2))
    (fp_line (start 7.45 2.6) (end 7.45 -2.6) (layer B.SilkS) (width 0.2))
    (fp_line (start 7.45 -2.6) (end 6.84 -2.6) (layer B.SilkS) (width 0.2))
    (fp_poly (pts (xy -7.65 3.95) (xy 7.65 3.95) (xy 7.65 -3.95) (xy -7.65 -3.95)) (layer B.CrtYd) (width 0.1))
    (fp_circle (center -6.94 3) (end -6.84 3) (layer B.SilkS) (width 0.2))
    (pad 9 smd rect (at 4.445 2.25 270) (size 1.5 3) (layers B.Cu B.Paste B.Mask)
      (net 14 /LGRE))
    (pad 7 smd rect (at 1.905 2.25 270) (size 1.5 3) (layers B.Cu B.Paste B.Mask)
      (net 17 /LRED))
    (pad 1 smd rect (at -5.715 2.25 270) (size 1.5 3) (layers B.Cu B.Paste B.Mask)
      (net 3 +BATT))
    (pad 3 smd rect (at -3.175 2.25 270) (size 1.5 3) (layers B.Cu B.Paste B.Mask)
      (net 5 +12V))
    (pad 5 smd rect (at -0.635 2.25 270) (size 1.5 3) (layers B.Cu B.Paste B.Mask)
      (net 2 GND))
    (pad 10 smd rect (at 5.715 -2.25 270) (size 1.5 3) (layers B.Cu B.Paste B.Mask)
      (net 18 /~RST))
    (pad 8 smd rect (at 3.175 -2.25 270) (size 1.5 3) (layers B.Cu B.Paste B.Mask)
      (net 12 /BAU))
    (pad 2 smd rect (at -4.445 -2.25 270) (size 1.5 3) (layers B.Cu B.Paste B.Mask)
      (net 8 +5V))
    (pad 4 smd rect (at -1.905 -2.25 270) (size 1.5 3) (layers B.Cu B.Paste B.Mask)
      (net 1 +3V3))
    (pad 6 smd rect (at 0.635 -2.25 270) (size 1.5 3) (layers B.Cu B.Paste B.Mask)
      (net 11 /TIR))
    (model "${LIBELEC}/3D/690367281076 (rev1).stp"
      (offset (xyz 0 0 2.5))
      (scale (xyz 1 1 1))
      (rotate (xyz 0 0 0))
    )
  )

  (module Package_TO_SOT_SMD:SOT-23 (layer B.Cu) (tedit 5A02FF57) (tstamp 5FE9EA85)
    (at 140.97 80.01 180)
    (descr "SOT-23, Standard")
    (tags SOT-23)
    (path /5FEB5F95)
    (attr smd)
    (fp_text reference Q1 (at 0 2.5) (layer B.SilkS)
      (effects (font (size 1 1) (thickness 0.15)) (justify mirror))
    )
    (fp_text value Q_PMOS_GSD (at 0 -2.5) (layer B.Fab)
      (effects (font (size 1 1) (thickness 0.15)) (justify mirror))
    )
    (fp_line (start 0.76 -1.58) (end -0.7 -1.58) (layer B.SilkS) (width 0.12))
    (fp_line (start 0.76 1.58) (end -1.4 1.58) (layer B.SilkS) (width 0.12))
    (fp_line (start -1.7 -1.75) (end -1.7 1.75) (layer B.CrtYd) (width 0.05))
    (fp_line (start 1.7 -1.75) (end -1.7 -1.75) (layer B.CrtYd) (width 0.05))
    (fp_line (start 1.7 1.75) (end 1.7 -1.75) (layer B.CrtYd) (width 0.05))
    (fp_line (start -1.7 1.75) (end 1.7 1.75) (layer B.CrtYd) (width 0.05))
    (fp_line (start 0.76 1.58) (end 0.76 0.65) (layer B.SilkS) (width 0.12))
    (fp_line (start 0.76 -1.58) (end 0.76 -0.65) (layer B.SilkS) (width 0.12))
    (fp_line (start -0.7 -1.52) (end 0.7 -1.52) (layer B.Fab) (width 0.1))
    (fp_line (start 0.7 1.52) (end 0.7 -1.52) (layer B.Fab) (width 0.1))
    (fp_line (start -0.7 0.95) (end -0.15 1.52) (layer B.Fab) (width 0.1))
    (fp_line (start -0.15 1.52) (end 0.7 1.52) (layer B.Fab) (width 0.1))
    (fp_line (start -0.7 0.95) (end -0.7 -1.5) (layer B.Fab) (width 0.1))
    (fp_text user %R (at 0 0 270) (layer B.Fab)
      (effects (font (size 0.5 0.5) (thickness 0.075)) (justify mirror))
    )
    (pad 1 smd rect (at -1 0.95 180) (size 0.9 0.8) (layers B.Cu B.Paste B.Mask)
      (net 19 "Net-(Q1-Pad1)"))
    (pad 2 smd rect (at -1 -0.95 180) (size 0.9 0.8) (layers B.Cu B.Paste B.Mask)
      (net 20 "Net-(Q1-Pad2)"))
    (pad 3 smd rect (at 1 0 180) (size 0.9 0.8) (layers B.Cu B.Paste B.Mask)
      (net 2 GND))
    (model ${KISYS3DMOD}/Package_TO_SOT_SMD.3dshapes/SOT-23.wrl
      (at (xyz 0 0 0))
      (scale (xyz 1 1 1))
      (rotate (xyz 0 0 0))
    )
  )

  (module Resistor_SMD:R_0603_1608Metric (layer B.Cu) (tedit 5F68FEEE) (tstamp 5FE9EA96)
    (at 140.97 82.55)
    (descr "Resistor SMD 0603 (1608 Metric), square (rectangular) end terminal, IPC_7351 nominal, (Body size source: IPC-SM-782 page 72, https://www.pcb-3d.com/wordpress/wp-content/uploads/ipc-sm-782a_amendment_1_and_2.pdf), generated with kicad-footprint-generator")
    (tags resistor)
    (path /5FEDAA4E)
    (attr smd)
    (fp_text reference R1 (at 0 1.43) (layer B.SilkS)
      (effects (font (size 1 1) (thickness 0.15)) (justify mirror))
    )
    (fp_text value 10K (at 0 -1.43) (layer B.Fab)
      (effects (font (size 1 1) (thickness 0.15)) (justify mirror))
    )
    (fp_text user %R (at 0 0) (layer B.Fab)
      (effects (font (size 0.4 0.4) (thickness 0.06)) (justify mirror))
    )
    (fp_line (start -0.8 -0.4125) (end -0.8 0.4125) (layer B.Fab) (width 0.1))
    (fp_line (start -0.8 0.4125) (end 0.8 0.4125) (layer B.Fab) (width 0.1))
    (fp_line (start 0.8 0.4125) (end 0.8 -0.4125) (layer B.Fab) (width 0.1))
    (fp_line (start 0.8 -0.4125) (end -0.8 -0.4125) (layer B.Fab) (width 0.1))
    (fp_line (start -0.237258 0.5225) (end 0.237258 0.5225) (layer B.SilkS) (width 0.12))
    (fp_line (start -0.237258 -0.5225) (end 0.237258 -0.5225) (layer B.SilkS) (width 0.12))
    (fp_line (start -1.48 -0.73) (end -1.48 0.73) (layer B.CrtYd) (width 0.05))
    (fp_line (start -1.48 0.73) (end 1.48 0.73) (layer B.CrtYd) (width 0.05))
    (fp_line (start 1.48 0.73) (end 1.48 -0.73) (layer B.CrtYd) (width 0.05))
    (fp_line (start 1.48 -0.73) (end -1.48 -0.73) (layer B.CrtYd) (width 0.05))
    (pad 2 smd roundrect (at 0.825 0) (size 0.8 0.95) (layers B.Cu B.Paste B.Mask) (roundrect_rratio 0.25)
      (net 1 +3V3))
    (pad 1 smd roundrect (at -0.825 0) (size 0.8 0.95) (layers B.Cu B.Paste B.Mask) (roundrect_rratio 0.25)
      (net 20 "Net-(Q1-Pad2)"))
    (model ${KISYS3DMOD}/Resistor_SMD.3dshapes/R_0603_1608Metric.wrl
      (at (xyz 0 0 0))
      (scale (xyz 1 1 1))
      (rotate (xyz 0 0 0))
    )
  )

  (module Resistor_SMD:R_0603_1608Metric (layer B.Cu) (tedit 5F68FEEE) (tstamp 5FE9EAA7)
    (at 134.62 78.74)
    (descr "Resistor SMD 0603 (1608 Metric), square (rectangular) end terminal, IPC_7351 nominal, (Body size source: IPC-SM-782 page 72, https://www.pcb-3d.com/wordpress/wp-content/uploads/ipc-sm-782a_amendment_1_and_2.pdf), generated with kicad-footprint-generator")
    (tags resistor)
    (path /5FEE2F65)
    (attr smd)
    (fp_text reference R2 (at 0 1.43) (layer B.SilkS)
      (effects (font (size 1 1) (thickness 0.15)) (justify mirror))
    )
    (fp_text value 10K (at 0 -1.43) (layer B.Fab)
      (effects (font (size 1 1) (thickness 0.15)) (justify mirror))
    )
    (fp_line (start 1.48 -0.73) (end -1.48 -0.73) (layer B.CrtYd) (width 0.05))
    (fp_line (start 1.48 0.73) (end 1.48 -0.73) (layer B.CrtYd) (width 0.05))
    (fp_line (start -1.48 0.73) (end 1.48 0.73) (layer B.CrtYd) (width 0.05))
    (fp_line (start -1.48 -0.73) (end -1.48 0.73) (layer B.CrtYd) (width 0.05))
    (fp_line (start -0.237258 -0.5225) (end 0.237258 -0.5225) (layer B.SilkS) (width 0.12))
    (fp_line (start -0.237258 0.5225) (end 0.237258 0.5225) (layer B.SilkS) (width 0.12))
    (fp_line (start 0.8 -0.4125) (end -0.8 -0.4125) (layer B.Fab) (width 0.1))
    (fp_line (start 0.8 0.4125) (end 0.8 -0.4125) (layer B.Fab) (width 0.1))
    (fp_line (start -0.8 0.4125) (end 0.8 0.4125) (layer B.Fab) (width 0.1))
    (fp_line (start -0.8 -0.4125) (end -0.8 0.4125) (layer B.Fab) (width 0.1))
    (fp_text user %R (at 0 0) (layer B.Fab)
      (effects (font (size 0.4 0.4) (thickness 0.06)) (justify mirror))
    )
    (pad 1 smd roundrect (at -0.825 0) (size 0.8 0.95) (layers B.Cu B.Paste B.Mask) (roundrect_rratio 0.25)
      (net 18 /~RST))
    (pad 2 smd roundrect (at 0.825 0) (size 0.8 0.95) (layers B.Cu B.Paste B.Mask) (roundrect_rratio 0.25)
      (net 19 "Net-(Q1-Pad1)"))
    (model ${KISYS3DMOD}/Resistor_SMD.3dshapes/R_0603_1608Metric.wrl
      (at (xyz 0 0 0))
      (scale (xyz 1 1 1))
      (rotate (xyz 0 0 0))
    )
  )

  (module Resistor_SMD:R_0603_1608Metric (layer B.Cu) (tedit 5F68FEEE) (tstamp 5FE9EAB8)
    (at 130.81 78.74)
    (descr "Resistor SMD 0603 (1608 Metric), square (rectangular) end terminal, IPC_7351 nominal, (Body size source: IPC-SM-782 page 72, https://www.pcb-3d.com/wordpress/wp-content/uploads/ipc-sm-782a_amendment_1_and_2.pdf), generated with kicad-footprint-generator")
    (tags resistor)
    (path /5FEBDD3E)
    (attr smd)
    (fp_text reference R3 (at 0 1.43) (layer B.SilkS)
      (effects (font (size 1 1) (thickness 0.15)) (justify mirror))
    )
    (fp_text value 10K (at 0 -1.43) (layer B.Fab)
      (effects (font (size 1 1) (thickness 0.15)) (justify mirror))
    )
    (fp_text user %R (at 0 0) (layer B.Fab)
      (effects (font (size 0.4 0.4) (thickness 0.06)) (justify mirror))
    )
    (fp_line (start -0.8 -0.4125) (end -0.8 0.4125) (layer B.Fab) (width 0.1))
    (fp_line (start -0.8 0.4125) (end 0.8 0.4125) (layer B.Fab) (width 0.1))
    (fp_line (start 0.8 0.4125) (end 0.8 -0.4125) (layer B.Fab) (width 0.1))
    (fp_line (start 0.8 -0.4125) (end -0.8 -0.4125) (layer B.Fab) (width 0.1))
    (fp_line (start -0.237258 0.5225) (end 0.237258 0.5225) (layer B.SilkS) (width 0.12))
    (fp_line (start -0.237258 -0.5225) (end 0.237258 -0.5225) (layer B.SilkS) (width 0.12))
    (fp_line (start -1.48 -0.73) (end -1.48 0.73) (layer B.CrtYd) (width 0.05))
    (fp_line (start -1.48 0.73) (end 1.48 0.73) (layer B.CrtYd) (width 0.05))
    (fp_line (start 1.48 0.73) (end 1.48 -0.73) (layer B.CrtYd) (width 0.05))
    (fp_line (start 1.48 -0.73) (end -1.48 -0.73) (layer B.CrtYd) (width 0.05))
    (pad 2 smd roundrect (at 0.825 0) (size 0.8 0.95) (layers B.Cu B.Paste B.Mask) (roundrect_rratio 0.25)
      (net 18 /~RST))
    (pad 1 smd roundrect (at -0.825 0) (size 0.8 0.95) (layers B.Cu B.Paste B.Mask) (roundrect_rratio 0.25)
      (net 1 +3V3))
    (model ${KISYS3DMOD}/Resistor_SMD.3dshapes/R_0603_1608Metric.wrl
      (at (xyz 0 0 0))
      (scale (xyz 1 1 1))
      (rotate (xyz 0 0 0))
    )
  )

  (module Resistor_SMD:R_0603_1608Metric (layer B.Cu) (tedit 5F68FEEE) (tstamp 5FE9EAC9)
    (at 136.455001 50.314999)
    (descr "Resistor SMD 0603 (1608 Metric), square (rectangular) end terminal, IPC_7351 nominal, (Body size source: IPC-SM-782 page 72, https://www.pcb-3d.com/wordpress/wp-content/uploads/ipc-sm-782a_amendment_1_and_2.pdf), generated with kicad-footprint-generator")
    (tags resistor)
    (path /5FED043E)
    (attr smd)
    (fp_text reference R4 (at 0 1.43) (layer B.SilkS)
      (effects (font (size 1 1) (thickness 0.15)) (justify mirror))
    )
    (fp_text value 68 (at 0 -1.43) (layer B.Fab)
      (effects (font (size 1 1) (thickness 0.15)) (justify mirror))
    )
    (fp_line (start 1.48 -0.73) (end -1.48 -0.73) (layer B.CrtYd) (width 0.05))
    (fp_line (start 1.48 0.73) (end 1.48 -0.73) (layer B.CrtYd) (width 0.05))
    (fp_line (start -1.48 0.73) (end 1.48 0.73) (layer B.CrtYd) (width 0.05))
    (fp_line (start -1.48 -0.73) (end -1.48 0.73) (layer B.CrtYd) (width 0.05))
    (fp_line (start -0.237258 -0.5225) (end 0.237258 -0.5225) (layer B.SilkS) (width 0.12))
    (fp_line (start -0.237258 0.5225) (end 0.237258 0.5225) (layer B.SilkS) (width 0.12))
    (fp_line (start 0.8 -0.4125) (end -0.8 -0.4125) (layer B.Fab) (width 0.1))
    (fp_line (start 0.8 0.4125) (end 0.8 -0.4125) (layer B.Fab) (width 0.1))
    (fp_line (start -0.8 0.4125) (end 0.8 0.4125) (layer B.Fab) (width 0.1))
    (fp_line (start -0.8 -0.4125) (end -0.8 0.4125) (layer B.Fab) (width 0.1))
    (fp_text user %R (at 0 0) (layer B.Fab)
      (effects (font (size 0.4 0.4) (thickness 0.06)) (justify mirror))
    )
    (pad 1 smd roundrect (at -0.825 0) (size 0.8 0.95) (layers B.Cu B.Paste B.Mask) (roundrect_rratio 0.25)
      (net 21 "Net-(R4-Pad1)"))
    (pad 2 smd roundrect (at 0.825 0) (size 0.8 0.95) (layers B.Cu B.Paste B.Mask) (roundrect_rratio 0.25)
      (net 2 GND))
    (model ${KISYS3DMOD}/Resistor_SMD.3dshapes/R_0603_1608Metric.wrl
      (at (xyz 0 0 0))
      (scale (xyz 1 1 1))
      (rotate (xyz 0 0 0))
    )
  )

  (module Resistor_SMD:R_0603_1608Metric (layer B.Cu) (tedit 5F68FEEE) (tstamp 5FE9EADA)
    (at 157.48 45.72)
    (descr "Resistor SMD 0603 (1608 Metric), square (rectangular) end terminal, IPC_7351 nominal, (Body size source: IPC-SM-782 page 72, https://www.pcb-3d.com/wordpress/wp-content/uploads/ipc-sm-782a_amendment_1_and_2.pdf), generated with kicad-footprint-generator")
    (tags resistor)
    (path /5FE59679)
    (attr smd)
    (fp_text reference R5 (at 0 1.43) (layer B.SilkS)
      (effects (font (size 1 1) (thickness 0.15)) (justify mirror))
    )
    (fp_text value 820 (at 0 -1.43) (layer B.Fab)
      (effects (font (size 1 1) (thickness 0.15)) (justify mirror))
    )
    (fp_text user %R (at 0 0) (layer B.Fab)
      (effects (font (size 0.4 0.4) (thickness 0.06)) (justify mirror))
    )
    (fp_line (start -0.8 -0.4125) (end -0.8 0.4125) (layer B.Fab) (width 0.1))
    (fp_line (start -0.8 0.4125) (end 0.8 0.4125) (layer B.Fab) (width 0.1))
    (fp_line (start 0.8 0.4125) (end 0.8 -0.4125) (layer B.Fab) (width 0.1))
    (fp_line (start 0.8 -0.4125) (end -0.8 -0.4125) (layer B.Fab) (width 0.1))
    (fp_line (start -0.237258 0.5225) (end 0.237258 0.5225) (layer B.SilkS) (width 0.12))
    (fp_line (start -0.237258 -0.5225) (end 0.237258 -0.5225) (layer B.SilkS) (width 0.12))
    (fp_line (start -1.48 -0.73) (end -1.48 0.73) (layer B.CrtYd) (width 0.05))
    (fp_line (start -1.48 0.73) (end 1.48 0.73) (layer B.CrtYd) (width 0.05))
    (fp_line (start 1.48 0.73) (end 1.48 -0.73) (layer B.CrtYd) (width 0.05))
    (fp_line (start 1.48 -0.73) (end -1.48 -0.73) (layer B.CrtYd) (width 0.05))
    (pad 2 smd roundrect (at 0.825 0) (size 0.8 0.95) (layers B.Cu B.Paste B.Mask) (roundrect_rratio 0.25)
      (net 2 GND))
    (pad 1 smd roundrect (at -0.825 0) (size 0.8 0.95) (layers B.Cu B.Paste B.Mask) (roundrect_rratio 0.25)
      (net 4 "Net-(D1-Pad1)"))
    (model ${KISYS3DMOD}/Resistor_SMD.3dshapes/R_0603_1608Metric.wrl
      (at (xyz 0 0 0))
      (scale (xyz 1 1 1))
      (rotate (xyz 0 0 0))
    )
  )

  (module Resistor_SMD:R_0603_1608Metric (layer B.Cu) (tedit 5F68FEEE) (tstamp 5FE9EAEB)
    (at 136.455001 47.804999)
    (descr "Resistor SMD 0603 (1608 Metric), square (rectangular) end terminal, IPC_7351 nominal, (Body size source: IPC-SM-782 page 72, https://www.pcb-3d.com/wordpress/wp-content/uploads/ipc-sm-782a_amendment_1_and_2.pdf), generated with kicad-footprint-generator")
    (tags resistor)
    (path /5FE5A967)
    (attr smd)
    (fp_text reference R6 (at 0 1.43) (layer B.SilkS)
      (effects (font (size 1 1) (thickness 0.15)) (justify mirror))
    )
    (fp_text value 510 (at 0 -1.43) (layer B.Fab)
      (effects (font (size 1 1) (thickness 0.15)) (justify mirror))
    )
    (fp_line (start 1.48 -0.73) (end -1.48 -0.73) (layer B.CrtYd) (width 0.05))
    (fp_line (start 1.48 0.73) (end 1.48 -0.73) (layer B.CrtYd) (width 0.05))
    (fp_line (start -1.48 0.73) (end 1.48 0.73) (layer B.CrtYd) (width 0.05))
    (fp_line (start -1.48 -0.73) (end -1.48 0.73) (layer B.CrtYd) (width 0.05))
    (fp_line (start -0.237258 -0.5225) (end 0.237258 -0.5225) (layer B.SilkS) (width 0.12))
    (fp_line (start -0.237258 0.5225) (end 0.237258 0.5225) (layer B.SilkS) (width 0.12))
    (fp_line (start 0.8 -0.4125) (end -0.8 -0.4125) (layer B.Fab) (width 0.1))
    (fp_line (start 0.8 0.4125) (end 0.8 -0.4125) (layer B.Fab) (width 0.1))
    (fp_line (start -0.8 0.4125) (end 0.8 0.4125) (layer B.Fab) (width 0.1))
    (fp_line (start -0.8 -0.4125) (end -0.8 0.4125) (layer B.Fab) (width 0.1))
    (fp_text user %R (at 0 0) (layer B.Fab)
      (effects (font (size 0.4 0.4) (thickness 0.06)) (justify mirror))
    )
    (pad 1 smd roundrect (at -0.825 0) (size 0.8 0.95) (layers B.Cu B.Paste B.Mask) (roundrect_rratio 0.25)
      (net 6 "Net-(D2-Pad1)"))
    (pad 2 smd roundrect (at 0.825 0) (size 0.8 0.95) (layers B.Cu B.Paste B.Mask) (roundrect_rratio 0.25)
      (net 2 GND))
    (model ${KISYS3DMOD}/Resistor_SMD.3dshapes/R_0603_1608Metric.wrl
      (at (xyz 0 0 0))
      (scale (xyz 1 1 1))
      (rotate (xyz 0 0 0))
    )
  )

  (module Resistor_SMD:R_0603_1608Metric (layer B.Cu) (tedit 5F68FEEE) (tstamp 5FE9EAFC)
    (at 140.465001 50.314999)
    (descr "Resistor SMD 0603 (1608 Metric), square (rectangular) end terminal, IPC_7351 nominal, (Body size source: IPC-SM-782 page 72, https://www.pcb-3d.com/wordpress/wp-content/uploads/ipc-sm-782a_amendment_1_and_2.pdf), generated with kicad-footprint-generator")
    (tags resistor)
    (path /5FE5ACE9)
    (attr smd)
    (fp_text reference R7 (at 0 1.43) (layer B.SilkS)
      (effects (font (size 1 1) (thickness 0.15)) (justify mirror))
    )
    (fp_text value 150 (at 0 -1.43) (layer B.Fab)
      (effects (font (size 1 1) (thickness 0.15)) (justify mirror))
    )
    (fp_text user %R (at 0 0) (layer B.Fab)
      (effects (font (size 0.4 0.4) (thickness 0.06)) (justify mirror))
    )
    (fp_line (start -0.8 -0.4125) (end -0.8 0.4125) (layer B.Fab) (width 0.1))
    (fp_line (start -0.8 0.4125) (end 0.8 0.4125) (layer B.Fab) (width 0.1))
    (fp_line (start 0.8 0.4125) (end 0.8 -0.4125) (layer B.Fab) (width 0.1))
    (fp_line (start 0.8 -0.4125) (end -0.8 -0.4125) (layer B.Fab) (width 0.1))
    (fp_line (start -0.237258 0.5225) (end 0.237258 0.5225) (layer B.SilkS) (width 0.12))
    (fp_line (start -0.237258 -0.5225) (end 0.237258 -0.5225) (layer B.SilkS) (width 0.12))
    (fp_line (start -1.48 -0.73) (end -1.48 0.73) (layer B.CrtYd) (width 0.05))
